
$molecule
 O     1.329426  -1.557331   0.863323
 C     1.341034  -2.149992  -0.452053
 C     1.262001  -3.656792  -0.266716
 C    -0.039089  -4.146028   0.341020
 H    -0.175097  -3.748379   1.344502
 H    -0.899697  -3.846042  -0.257494
 H    -0.051920  -5.232762   0.413480
 H     2.098819  -3.973558   0.356904
 H     1.413419  -4.121284  -1.243647
 C     2.570136  -1.715526  -1.247764
 C     3.900717  -2.006316  -0.575830
 H     3.926770  -1.579133   0.424386
 H     4.719398  -1.571538  -1.147273
 H     4.095349  -3.073961  -0.487217
 H     2.505525  -0.651168  -1.462138
 H     2.525316  -2.214627  -2.219137
 H     0.446834  -1.821042  -0.993694
 C     0.525642  -0.405841   1.056887
 C    -0.914952  -0.647530   0.741781
 C    -1.730395   0.261564   0.203200
 C    -3.129093  -0.153384  -0.076564
 O    -3.593910  -1.250852   0.155532
 O    -3.830888   0.851128  -0.651283
 C    -5.213186   0.570883  -0.973984
 C    -6.114105   0.790748   0.215216
 H    -5.887768   0.084412   1.009385
 H    -7.153269   0.647655  -0.080011
 H    -6.009133   1.802497   0.603029
 H    -5.442217   1.262089  -1.781520
 H    -5.288829  -0.448917  -1.343872
 C    -1.263954   1.648977  -0.118589
 H    -1.129993   1.758234  -1.199025
 H    -2.031520   2.373014   0.154173
 C     0.046184   1.997303   0.588381
 N     0.632279   3.269409   0.199929
 H    -0.084998   3.982807   0.167040
 H     1.036038   3.198262  -0.726754
 H    -0.160979   2.049058   1.664165
 C     1.035533   0.850492   0.353733
 N     2.385156   1.140779   0.765393
 C     3.307375   1.672196  -0.072058
 O     3.056185   1.945110  -1.243750
 C     4.673992   1.902965   0.519073
 H     4.782684   1.538244   1.538395
 H     5.414482   1.416708  -0.110829
 H     4.883583   2.970351   0.505207
 H     2.647758   0.935214   1.712843
 H     1.072750   0.674720  -0.720506
 H    -1.302484  -1.629291   0.973935
 H     0.601478  -0.234397   2.138919
$end
$temperature
298.15
$end
$mult
 1
$end
$sigma
 1
$end
$pressure
1.00000
$end
$scale
0.97
$end
$msrrho
$end
$freq
26.53
31.79
37.98
42.03
45.02
59.98
64.46
81.95
93.52
99.62
101.22
117.62
134.67
140.15
169.00
179.95
210.40
218.78
224.29
241.14
254.48
276.10
282.85
302.73
310.29
326.34
351.87
376.42
384.91
391.44
394.60
414.25
434.32
461.51
500.38
507.17
553.72
561.88
590.32
615.19
631.45
669.16
727.89
751.30
765.42
777.28
813.02
845.52
852.92
858.74
880.85
893.25
900.97
924.37
926.39
943.30
998.36
1007.00
1019.57
1028.98
1030.14
1039.98
1045.89
1047.65
1056.60
1065.43
1088.10
1111.80
1115.36
1133.19
1138.30
1147.12
1155.43
1180.27
1189.73
1199.11
1208.49
1232.56
1257.66
1289.30
1301.24
1304.23
1305.69
1314.53
1328.20
1343.37
1357.86
1366.86
1369.27
1374.27
1384.32
1391.15
1392.98
1398.53
1399.98
1409.59
1412.24
1412.68
1430.19
1476.81
1478.72
1481.37
1488.25
1491.17
1493.04
1497.32
1506.82
1508.11
1509.82
1515.68
1518.38
1537.99
1676.23
1680.50
1710.19
1736.69
2927.09
2941.20
2950.11
2980.17
2989.55
2994.70
2997.13
3004.77
3008.45
3015.83
3034.10
3035.13
3036.18
3041.70
3056.95
3063.68
3072.76
3074.08
3079.11
3083.60
3083.80
3091.51
3099.12
3106.44
3160.34
3429.88
3523.69
3584.37
$end
