
$molecule
 S     0.099301   1.277147  -0.621519
 C     0.009810  -0.330924  -0.279111
 N    -1.105772  -1.063051  -0.062669
 C    -2.413910  -0.526754  -0.185544
 C    -3.125154  -0.200862   0.956007
 C    -4.405864   0.294353   0.823339
 C    -5.023741   0.479952  -0.407658
 C    -4.270720   0.142807  -1.533388
 C    -2.986781  -0.349434  -1.436702
 H    -2.417097  -0.583302  -2.323197
 H    -4.743803   0.281495  -2.493917
 C    -6.416525   0.989774  -0.669385
 O    -6.883376   0.953367  -1.804032
 N    -7.112123   1.493529   0.372442
 H    -6.704098   1.501185   1.288215
 C    -8.451327   2.010175   0.188743
 H    -8.455526   2.839310  -0.516511
 H    -8.825640   2.354585   1.147657
 H    -9.115889   1.240905  -0.200403
 F    -5.054898   0.601028   1.981272
 H    -2.687932  -0.304585   1.936441
 C    -0.841141  -2.494965   0.134317
 C     0.678087  -2.525372   0.052422
 O     1.384029  -3.499984   0.168528
 N     1.095727  -1.221244  -0.176088
 C     2.454639  -0.846000  -0.286502
 C     3.280312  -1.518112  -1.171135
 C     4.611472  -1.163339  -1.262567
 C     5.128960  -0.131974  -0.479437
 C     4.283089   0.536423   0.421369
 C     2.955486   0.170853   0.514458
 H     2.303185   0.675831   1.205388
 C     4.818494   1.644435   1.292184
 F     5.294692   2.668676   0.550585
 F     3.868130   2.149349   2.109178
 F     5.829101   1.208390   2.078589
 C     6.501750   0.193538  -0.629792
 N     7.626793   0.422553  -0.789499
 H     5.264217  -1.677683  -1.950982
 H     2.886501  -2.314745  -1.782519
 C    -1.433519  -3.338921  -0.986118
 H    -1.112855  -4.370209  -0.867861
 H    -1.105495  -2.984673  -1.960910
 H    -2.519575  -3.303111  -0.952737
 C    -1.292442  -2.981262   1.503637
 H    -0.885859  -2.356350   2.295731
 H    -0.945199  -3.999461   1.656243
 H    -2.377594  -2.969925   1.569609
$end
$temperature
298.15
$end
$mult
 1
$end
$sigma
 1
$end
$pressure
1.00000
$end
$scale
0.97
$end
$msrrho
$end
$freq
7.21
20.32
21.11
29.27
31.50
37.92
50.16
52.38
72.08
72.79
92.53
103.54
112.84
121.22
141.92
155.55
163.96
173.32
199.65
204.81
226.14
231.53
250.11
261.93
274.04
280.29
293.02
298.41
308.93
310.96
320.15
326.57
364.72
371.27
387.04
408.90
429.27
436.64
447.47
462.22
482.10
489.93
502.93
527.56
550.86
553.61
577.08
580.91
585.27
613.45
620.86
637.87
639.99
666.01
679.69
706.08
715.57
735.44
741.67
748.57
749.92
807.84
820.63
830.06
835.05
844.88
875.84
878.46
925.63
930.94
950.36
961.88
965.67
1014.35
1018.34
1023.07
1042.29
1062.60
1114.53
1116.08
1126.48
1142.06
1145.18
1160.05
1165.77
1173.51
1179.51
1184.64
1189.60
1220.81
1224.19
1255.96
1265.52
1278.44
1282.96
1298.07
1321.14
1347.29
1350.22
1378.53
1394.09
1414.49
1425.00
1443.86
1453.95
1457.33
1483.02
1486.74
1488.50
1506.49
1510.49
1514.50
1520.02
1523.13
1554.70
1591.04
1593.54
1640.30
1644.37
1706.60
1786.16
2283.26
3010.73
3016.39
3019.37
3065.69
3094.46
3096.76
3104.45
3109.81
3110.18
3165.38
3170.76
3174.81
3182.79
3183.33
3209.39
3612.37
$end
