
$molecule
 C     4.460898   0.263690   0.000061
 H     5.332807  -0.389791  -0.000027
 H     4.530132   0.905796  -0.878690
 C     3.165716  -0.530333  -0.000027
 H     3.140513  -1.188968  -0.872324
 H     3.140484  -1.189106   0.872165
 H     4.530144   0.905579   0.878967
 C     1.922909   0.345855   0.000022
 H     1.947590   1.005632   0.872582
 H     1.947554   1.005672  -0.872509
 C     0.620811  -0.438662   0.000028
 H     0.596727  -1.098164  -0.872554
 H     0.596703  -1.098103   0.872655
 C    -0.620778   0.438683  -0.000013
 H    -0.596730   1.098115  -0.872649
 H    -0.596730   1.098198   0.872560
 C    -1.922876  -0.345833   0.000019
 H    -1.947573  -1.005619   0.872572
 H    -1.947596  -1.005642  -0.872517
 C    -3.165685   0.530351   0.000023
 H    -3.140524   1.189037   0.872283
 H    -3.140506   1.189075  -0.872207
 C    -4.460869  -0.263686  -0.000005
 H    -4.530113  -0.905720   0.878797
 H    -4.530125  -0.905639  -0.878865
 H    -5.332770   0.389807   0.000030
$end
$temperature
298.15
$end
$mult
 1
$end
$sigma
 1
$end
$pressure
1.00000
$end
$scale
0.97
$end
$msrrho
$end
$freq
46.70
66.09
79.10
110.37
135.64
160.62
197.66
246.59
249.52
275.01
342.42
472.85
476.01
732.03
734.90
755.52
807.34
883.08
889.13
905.12
966.61
1003.63
1015.08
1042.43
1055.72
1066.86
1068.81
1097.21
1153.05
1200.46
1233.22
1247.52
1281.31
1298.93
1320.59
1328.21
1342.26
1343.38
1345.62
1381.08
1396.11
1397.13
1412.32
1413.01
1487.63
1488.62
1491.73
1496.83
1504.09
1507.22
1507.26
1511.40
1517.42
1521.07
2959.97
2961.73
2963.26
2969.53
2976.25
2979.13
2980.43
2982.15
2989.00
2989.16
2991.21
3003.76
3016.30
3027.95
3055.81
3056.13
3059.83
3059.86
$end
