
$molecule
 O     3.132160   1.231106   1.596429
 C     3.205302   0.719914   0.342800
 O     3.607371   1.363596  -0.599188
 C     2.695329  -0.703856   0.288985
 C     1.195202  -0.672587   0.084868
 C     0.343201  -1.260886   1.012063
 C    -1.027847  -1.258262   0.817571
 C    -1.594342  -0.661458  -0.304949
 C    -0.736038  -0.070357  -1.226848
 C     0.635955  -0.073373  -1.038673
 H     1.277061   0.404589  -1.767074
 H    -1.150422   0.405335  -2.106922
 C    -3.081908  -0.624311  -0.481569
 H    -3.323810  -0.397655  -1.522171
 H    -3.497221  -1.613318  -0.276293
 C    -3.789844   0.397436   0.420259
 C    -5.299172   0.281204   0.267062
 H    -5.605038   0.512260  -0.754662
 H    -5.817900   0.973991   0.929052
 H    -5.649178  -0.725239   0.496982
 C    -3.316288   1.815785   0.144498
 H    -2.243186   1.917072   0.292346
 H    -3.814128   2.528818   0.800958
 H    -3.538009   2.104650  -0.884634
 H    -3.533180   0.151776   1.455511
 H    -1.669871  -1.730902   1.551039
 H     0.758079  -1.731286   1.894778
 C     3.412894  -1.504053  -0.790183
 H     3.276315  -1.049794  -1.767098
 H     4.482606  -1.555139  -0.593564
 H     3.016487  -2.516449  -0.821938
 H     2.885986  -1.151570   1.263346
 H     3.426946   2.153425   1.527572
$end
$temperature
298.15
$end
$mult
 1
$end
$sigma
 1
$end
$pressure
1.00000
$end
$scale
0.97
$end
$msrrho
$end
$freq
25.59
36.22
46.50
56.18
68.35
107.19
160.94
197.73
224.72
233.81
250.88
256.67
298.88
320.99
346.76
386.60
402.78
410.32
423.54
446.09
545.68
558.03
619.11
641.81
661.90
712.71
732.30
792.63
809.55
826.36
831.63
849.07
854.90
890.26
894.02
932.08
943.78
955.71
968.14
1008.32
1038.85
1075.20
1089.77
1101.04
1132.72
1140.44
1153.54
1187.94
1205.15
1215.65
1229.59
1245.84
1278.11
1310.18
1311.35
1348.16
1362.24
1367.17
1370.65
1385.01
1400.04
1408.90
1420.18
1450.80
1488.87
1495.43
1496.37
1502.53
1503.98
1511.01
1518.94
1541.51
1604.66
1645.24
1777.92
2966.84
2983.13
2985.64
2992.28
3013.18
3026.30
3037.29
3050.36
3057.00
3062.00
3077.60
3083.10
3105.89
3112.13
3120.94
3128.16
3143.22
3668.63
$end
