
$molecule
 O     1.646651   0.507723   1.474948
 C     1.723881   0.679468   0.260014
 N     1.086691   1.685428  -0.386209
 H     1.183884   1.742118  -1.386021
 C     0.235929   2.661715   0.271191
 C     0.910959   4.023342   0.324763
 H     1.083663   4.417432  -0.677638
 H     0.293671   4.741207   0.863343
 H     1.870288   3.951123   0.831998
 H     0.110313   2.286991   1.284727
 C    -1.131589   2.728288  -0.414090
 C    -1.879837   1.429526  -0.402875
 C    -2.024329   0.669075  -1.557914
 C    -2.707791  -0.537816  -1.539042
 C    -3.265897  -1.000713  -0.358072
 C    -3.128889  -0.252066   0.803046
 C    -2.437252   0.947768   0.778924
 H    -2.335127   1.522778   1.690850
 H    -3.561048  -0.603904   1.730337
 H    -3.805213  -1.938392  -0.340866
 H    -2.806197  -1.114941  -2.448708
 H    -1.598928   1.027083  -2.487728
 H    -1.717461   3.498336   0.090116
 H    -0.998588   3.073917  -1.442169
 C     2.596631  -0.224572  -0.612432
 N     4.010346  -0.090975  -0.263306
 H     4.103855  -0.296203   0.726003
 H     4.297621   0.875671  -0.370755
 C     2.152200  -1.666546  -0.436075
 H     2.297940  -1.918389   0.614411
 H     2.823813  -2.305809  -1.009669
 C     0.704920  -1.899819  -0.836520
 H     0.074709  -1.116876  -0.413877
 C     0.143143  -3.244394  -0.401870
 H     0.707130  -4.060007  -0.865470
 H    -0.879253  -3.326167  -0.781187
 C     0.120711  -3.459700   1.115412
 N    -0.479954  -2.401148   1.917270
 H     0.112517  -1.579513   1.914972
 H    -1.356317  -2.109257   1.502821
 H     1.134030  -3.616253   1.486374
 H    -0.410293  -4.392497   1.320331
 H     0.605952  -1.798650  -1.920469
 H     2.489335   0.056624  -1.664731
$end
$temperature
298.15
$end
$mult
 1
$end
$sigma
 1
$end
$pressure
1.00000
$end
$scale
0.97
$end
$msrrho
$end
$freq
14.31
25.52
34.67
54.88
56.25
76.24
87.47
103.80
125.31
146.90
155.87
201.48
221.56
234.46
242.73
273.05
278.24
308.94
315.01
345.60
352.05
364.03
387.01
400.25
422.40
462.08
481.53
492.23
511.35
549.44
608.26
637.78
666.02
687.30
735.18
740.19
768.31
820.82
824.00
829.15
841.42
857.84
883.29
898.42
903.17
917.76
919.24
930.24
936.80
951.48
952.71
1012.88
1018.07
1020.20
1040.66
1046.63
1068.77
1088.63
1098.79
1107.34
1120.00
1123.31
1151.22
1153.06
1181.22
1185.18
1201.40
1202.72
1226.42
1238.19
1242.84
1292.98
1310.09
1320.65
1342.37
1351.92
1360.26
1363.63
1365.59
1375.97
1380.30
1382.87
1399.69
1401.74
1406.18
1408.94
1480.19
1484.98
1486.45
1488.67
1496.20
1501.12
1502.44
1504.99
1525.80
1534.36
1616.81
1638.64
1693.02
1703.55
1708.34
2960.37
2969.33
2980.36
2987.05
2987.34
2995.56
2997.36
3010.18
3027.95
3029.98
3035.95
3052.36
3058.49
3073.41
3086.68
3112.51
3120.13
3128.72
3138.73
3148.72
3416.30
3436.95
3501.62
3518.09
3559.58
$end
