
$molecule
 F     5.953240  -1.415430   1.656280
 C     4.875485  -0.847453   1.067805
 C     4.335956   0.301647   1.614710
 C     3.232867   0.884233   1.017116
 C     2.679420   0.311322  -0.129195
 C     3.238339  -0.847636  -0.663544
 C     4.341316  -1.430657  -0.064106
 H     4.782457  -2.330346  -0.466746
 H     2.802256  -1.304981  -1.538705
 N     1.569471   0.887184  -0.746223
 C     0.811588   1.993562  -0.498971
 O     0.888513   2.835586   0.381227
 C    -0.048113   1.772032  -1.736559
 C    -1.549923   1.595210  -1.663726
 C    -2.400959   2.788445  -1.235438
 H    -2.065435   3.711624  -1.709854
 H    -3.405830   2.603976  -1.618447
 C    -2.540142   3.079849   0.279738
 C    -2.631042   1.792957   1.079014
 C    -1.660596   1.433665   2.004314
 C    -1.711206   0.211960   2.663239
 C    -2.754182  -0.646768   2.389288
 C    -3.754843  -0.314025   1.496816
 C    -3.683386   0.908254   0.850650
 H    -4.462176   1.170041   0.145350
 H    -4.568769  -1.001482   1.316990
 F    -2.801336  -1.855031   3.009790
 H    -0.954413  -0.070235   3.381233
 H    -0.853444   2.117040   2.217339
 H    -3.492937   3.602000   0.397778
 O    -1.586232   3.992407   0.769014
 H    -0.685808   3.654969   0.597123
 H    -1.785053   0.746476  -1.028954
 H    -1.864241   1.296741  -2.666277
 H     0.205684   2.526477  -2.484097
 C     0.816581   0.473124  -1.937392
 C     0.128793  -0.847044  -1.824166
 C    -0.126190  -1.602911  -2.963401
 C    -0.820798  -2.796681  -2.893304
 C    -1.274498  -3.257797  -1.662358
 C    -1.021347  -2.515424  -0.513034
 C    -0.325562  -1.324843  -0.599586
 H    -0.144962  -0.758993   0.303085
 H    -1.370250  -2.864536   0.451180
 O    -1.953708  -4.439358  -1.642751
 H    -2.202246  -4.645004  -0.733917
 H    -1.015782  -3.383217  -3.779566
 H     0.225212  -1.254555  -3.927030
 H     1.428744   0.513138  -2.839582
 H     2.801345   1.783419   1.426437
 H     4.778389   0.734088   2.500014
$end
$temperature
298.15
$end
$mult
 1
$end
$sigma
 1
$end
$pressure
1.00000
$end
$scale
0.97
$end
$msrrho
$end
$freq
14.25
24.01
28.54
39.72
42.64
50.10
57.60
69.33
89.21
107.75
129.55
144.79
151.06
196.12
199.21
226.90
229.04
258.61
274.97
298.86
317.18
334.40
355.03
358.36
365.86
389.71
397.90
404.76
409.25
412.36
419.84
433.05
446.98
460.85
493.55
510.07
520.89
526.66
560.53
579.57
608.73
612.99
637.99
646.20
647.68
653.71
676.93
699.38
703.93
713.41
739.09
771.58
793.38
795.04
803.20
806.41
821.47
822.52
830.40
832.99
837.35
846.37
849.71
881.90
896.73
902.89
909.34
910.61
918.60
924.13
935.09
967.71
1022.16
1026.70
1026.81
1030.42
1040.60
1089.27
1096.58
1115.46
1123.09
1131.26
1135.28
1154.86
1177.09
1179.31
1193.99
1196.11
1199.36
1202.48
1222.90
1230.51
1233.07
1242.82
1259.86
1285.91
1287.13
1294.24
1316.60
1322.99
1325.59
1330.42
1351.04
1359.34
1366.41
1373.32
1376.80
1386.25
1397.06
1418.61
1434.57
1455.21
1473.00
1475.11
1482.57
1495.80
1533.09
1537.54
1544.96
1616.68
1621.79
1623.46
1636.09
1642.47
1650.55
1758.40
2978.90
2990.84
3004.08
3007.14
3014.88
3038.46
3085.60
3119.13
3122.39
3123.19
3154.53
3154.64
3157.50
3158.54
3160.65
3164.30
3171.36
3177.13
3188.29
3474.22
3746.13
$end
