
$molecule
 S     1.324144  -0.785682   1.675085
 C     2.489397  -1.973223   2.145805
 C     3.203421  -2.426308   1.079795
 C     2.818057  -1.812316  -0.136439
 C     1.824470  -0.891747   0.015573
 C     1.229456  -0.001066  -1.028734
 C     2.129858   1.157789  -1.439762
 H     3.001500   0.736907  -1.940892
 H     1.585964   1.726766  -2.196367
 C     2.570460   2.108992  -0.322141
 N     3.623744   1.677710   0.579825
 H     3.293762   0.931332   1.173587
 C     4.873238   1.304637  -0.046132
 H     4.825419   0.429649  -0.711207
 H     5.609086   1.084095   0.725412
 H     5.253092   2.143228  -0.631420
 H     2.905248   3.035705  -0.794888
 H     1.703945   2.375539   0.282448
 O    -0.001869   0.572445  -0.584018
 C    -1.129162  -0.196745  -0.566706
 C    -1.162773  -1.539237  -0.855424
 C    -2.382585  -2.235078  -0.815494
 C    -3.548299  -1.602521  -0.488303
 C    -3.544002  -0.226208  -0.177991
 C    -4.722860   0.463897   0.171408
 C    -4.698736   1.799596   0.471592
 C    -3.487539   2.508845   0.434259
 C    -2.321773   1.871941   0.097495
 C    -2.317963   0.498605  -0.214266
 H    -1.390946   2.417145   0.067984
 H    -3.475963   3.563961   0.672985
 H    -5.613494   2.312162   0.738452
 H    -5.655115  -0.085898   0.199026
 H    -4.482876  -2.146836  -0.457266
 H    -2.383672  -3.292434  -1.044147
 H    -0.257900  -2.081466  -1.078252
 H     1.033838  -0.600027  -1.923510
 H     3.269626  -2.036582  -1.092266
 H     3.973689  -3.179024   1.157294
 H     2.557051  -2.278087   3.175576
$end
$temperature
298.15
$end
$mult
 1
$end
$sigma
 1
$end
$pressure
1.00000
$end
$scale
0.97
$end
$msrrho
$end
$freq
21.91
30.61
40.83
59.18
62.33
82.53
117.00
120.91
170.60
175.22
179.24
191.38
225.95
245.52
269.06
307.24
357.41
403.47
413.97
425.70
448.64
481.06
496.63
506.88
536.68
544.85
553.49
576.94
609.45
623.85
660.36
677.51
689.34
701.32
718.95
738.30
744.53
759.50
761.95
796.95
804.04
830.40
838.03
840.15
861.29
875.53
876.40
888.22
896.13
896.79
917.62
948.27
985.62
1028.89
1040.89
1055.00
1066.77
1087.98
1099.12
1113.93
1138.69
1147.99
1165.94
1174.02
1180.49
1189.48
1201.94
1239.84
1241.60
1257.05
1265.79
1291.96
1297.45
1340.94
1355.44
1378.43
1384.76
1390.89
1393.89
1401.13
1430.30
1452.32
1467.10
1472.72
1474.45
1483.26
1489.28
1494.04
1502.24
1529.46
1541.96
1564.88
1606.08
1627.84
1654.88
2892.46
2962.94
2980.53
3005.24
3008.83
3038.20
3054.07
3060.53
3120.79
3126.54
3130.64
3141.32
3143.52
3148.56
3165.13
3171.39
3175.40
3211.42
3507.06
$end
