
$molecule
 C    -4.460773  -0.265276   0.000062
 H    -4.529736  -0.907317   0.878907
 H    -5.333299   0.387406   0.000008
 C    -3.166033   0.529198  -0.000010
 H    -3.140750   1.187830  -0.872341
 H    -3.140737   1.187966   0.872218
 H    -4.529741  -0.907471  -0.878670
 C    -1.922814  -0.346528   0.000048
 H    -1.947307  -1.006221   0.872705
 H    -1.947303  -1.006330  -0.872526
 C    -0.620994   0.438357   0.000003
 H    -0.597176   1.097755  -0.872697
 H    -0.597156   1.097826   0.872649
 C     0.621013  -0.438362   0.000021
 H     0.597172  -1.097799  -0.872650
 H     0.597154  -1.097790   0.872698
 C     1.922834   0.346516   0.000027
 H     1.947318   1.006253   0.872651
 H     1.947309   1.006279  -0.872579
 C     3.166054  -0.529215   0.000006
 H     3.140716  -1.187966   0.872247
 H     3.140735  -1.187894  -0.872291
 C     4.460799   0.265235   0.000051
 H     4.529754   0.907316   0.878870
 H     4.529754   0.907410  -0.878697
 H     5.333326  -0.387441   0.000016
$end
$temperature
298.15
$end
$mult
 1
$end
$sigma
 1
$end
$pressure
1.00000
$end
$scale
0.97
$end
$msrrho
$end
$freq
46.87
66.20
79.10
110.46
135.69
160.69
197.66
246.65
249.59
274.99
342.43
472.82
476.00
732.18
735.04
755.66
807.46
883.19
889.10
905.10
966.69
1003.75
1015.28
1042.55
1055.82
1066.98
1068.92
1097.19
1153.06
1200.49
1233.25
1247.56
1281.34
1298.95
1320.64
1328.28
1342.32
1343.46
1345.67
1381.12
1396.18
1397.17
1412.52
1413.21
1487.59
1488.56
1491.69
1496.82
1504.06
1507.25
1507.29
1511.37
1517.40
1521.04
2959.72
2961.45
2963.02
2969.27
2975.99
2978.91
2980.18
2981.95
2988.87
2989.04
2990.97
3003.52
3016.08
3027.74
3055.56
3055.88
3059.63
3059.67
$end
