
$molecule
 S     0.263107   0.425187   1.460237
 O     1.742441  -2.622666  -1.180613
 O     4.337713   1.695005  -0.303805
 O     2.258763   2.388725  -0.837851
 O    -2.981183  -2.860458   1.096728
 N     1.463707  -0.308117  -0.757644
 N    -1.127061  -2.132181   0.045861
 C     0.131643   0.110165  -0.334612
 C     2.110273   0.121061   1.525785
 C     2.575879   0.150935   0.029083
 C    -0.400996  -1.276655  -0.825098
 C     1.096722  -1.624860  -0.992966
 C     2.738561   1.202647   2.389328
 C     2.391884  -1.255186   2.112871
 C     3.000424   1.530821  -0.427396
 C    -2.486981  -2.208559   0.189852
 C    -3.334813  -1.444404  -0.813249
 C    -3.142169   0.045590  -0.727633
 C    -3.001615   0.818534  -1.875040
 C    -3.074543   0.674673   0.512901
 C    -2.782925   2.185380  -1.788923
 C    -2.851871   2.039560   0.602306
 C    -2.700154   2.799463  -0.548048
 H    -0.259428   0.987369  -0.833649
 H     3.405541  -0.539512  -0.100034
 H    -0.905719  -1.181818  -1.781588
 H     3.820094   1.079138   2.426976
 H     2.509794   2.198744   2.020645
 H     2.362549   1.131969   3.407618
 H     1.998701  -2.053957   1.490821
 H     3.467158  -1.409914   2.215925
 H     1.941374  -1.344090   3.098510
 H    -0.622806  -2.542029   0.816834
 H     4.529365   2.604696  -0.584800
 H    -4.364352  -1.716264  -0.591791
 H    -3.124432  -1.790788  -1.825702
 H    -3.051796   0.344526  -2.847866
 H    -3.178579   0.086517   1.415255
 H    -2.667310   2.769276  -2.692173
 H    -2.783130   2.507664   1.574517
 H    -2.514023   3.862463  -0.478304
$end
$temperature
298.15
$end
$mult
 1
$end
$sigma
 1
$end
$pressure
1.00000
$end
$scale
0.97
$end
$msrrho
$end
$freq
30.01
34.88
41.92
56.46
63.98
67.92
75.84
97.26
117.05
140.88
155.69
182.00
201.77
232.63
261.69
264.72
276.65
300.02
308.86
323.90
331.81
357.12
395.96
404.48
436.53
446.52
466.53
485.11
505.92
515.08
534.99
564.11
589.89
614.07
622.19
635.27
640.84
677.07
688.99
699.67
718.74
735.28
749.21
798.14
837.26
838.62
861.12
881.86
885.93
895.08
914.46
933.21
937.56
946.04
953.35
954.48
964.14
1017.61
1019.71
1039.20
1047.72
1090.72
1099.53
1128.26
1143.98
1163.18
1175.78
1180.51
1182.51
1198.83
1204.19
1211.75
1215.33
1226.80
1275.85
1283.55
1295.00
1299.83
1322.44
1337.25
1343.78
1362.09
1367.33
1402.17
1406.95
1427.10
1474.98
1484.09
1485.79
1492.12
1494.10
1507.99
1517.85
1525.48
1614.87
1636.34
1730.48
1794.51
1825.65
2997.07
3010.59
3016.43
3071.05
3071.39
3075.52
3080.57
3081.21
3098.66
3104.70
3114.65
3115.64
3130.73
3135.01
3143.65
3154.18
3542.84
3665.13
$end
