
$molecule
 S     2.323452  -1.595201  -0.723902
 O     1.967899  -0.948178  -2.060942
 C     0.723719  -1.921774   0.030826
 N     0.491630  -2.568169   1.134024
 C    -0.880237  -2.485888   1.277773
 C    -1.712039  -2.978813   2.280985
 C    -3.064286  -2.747819   2.183403
 C    -3.614243  -2.034946   1.100005
 C    -2.811965  -1.536033   0.083221
 C    -1.448562  -1.775440   0.201854
 N    -0.385392  -1.438212  -0.594757
 H    -0.350441  -0.898151  -1.444013
 H    -3.212800  -0.988803  -0.755276
 O    -4.969283  -1.886149   1.146124
 C    -5.594686  -1.184968   0.088237
 H    -5.435357  -1.679569  -0.872928
 H    -5.240312  -0.153230   0.023521
 H    -6.655927  -1.182219   0.314627
 H    -3.744793  -3.109022   2.940821
 H    -1.297638  -3.524968   3.116194
 C     2.814139  -0.207461   0.480370
 C     1.876817   0.931339   0.366411
 N     0.837287   0.896461   1.206182
 C    -0.097440   1.830120   1.086347
 C    -0.087682   2.827949   0.120800
 C     1.007135   2.845142  -0.741740
 C     2.035845   1.911678  -0.622311
 C     3.256905   1.991367  -1.482883
 H     3.285414   2.929388  -2.026932
 H     3.290076   1.169420  -2.193858
 H     4.161492   1.938628  -0.877931
 O     1.073040   3.837403  -1.692818
 C     0.664721   3.412361  -2.992882
 H    -0.385088   3.110559  -2.993722
 H     1.269469   2.578939  -3.351722
 H     0.793239   4.265232  -3.652442
 C    -1.175766   3.845145   0.028256
 H    -1.692535   3.801029  -0.930247
 H    -1.912913   3.693824   0.813163
 H    -0.779092   4.855008   0.119196
 H    -0.916949   1.777115   1.795643
 H     2.766894  -0.675835   1.458615
 H     3.840178   0.016244   0.206836
$end
$temperature
298.15
$end
$mult
 1
$end
$sigma
 1
$end
$pressure
1.00000
$end
$scale
0.97
$end
$msrrho
$end
$freq
9.18
26.41
36.50
47.17
73.24
85.19
90.48
111.38
112.36
127.55
133.55
149.05
162.21
182.04
197.07
212.49
226.66
252.09
262.92
280.57
291.39
309.65
330.96
353.87
367.60
372.91
397.30
411.51
418.82
437.21
482.73
489.45
501.09
519.81
535.70
538.79
561.21
572.27
607.14
630.37
644.55
661.75
707.30
708.86
763.77
767.29
770.41
790.83
802.09
839.98
876.83
893.18
895.95
910.50
951.11
971.33
983.12
1019.33
1022.34
1047.78
1048.93
1049.41
1054.05
1092.08
1120.49
1133.70
1145.14
1164.03
1167.58
1188.15
1200.71
1212.51
1217.73
1238.93
1242.26
1276.51
1283.31
1306.25
1321.70
1323.01
1376.41
1390.27
1404.07
1409.73
1418.74
1440.59
1463.29
1465.75
1469.04
1481.80
1487.85
1490.59
1494.45
1497.84
1504.05
1504.36
1511.14
1512.05
1519.54
1527.55
1580.91
1598.53
1604.83
1656.32
2963.50
2974.89
3004.54
3012.44
3019.62
3037.01
3057.94
3058.39
3073.97
3087.46
3095.37
3100.96
3103.76
3114.06
3130.11
3150.74
3162.88
3169.93
3571.26
$end
