
$molecule
 P     2.878441  -0.761403  -0.152885
 O     3.119219   0.055494  -1.379105
 O     1.765897  -1.887129  -0.200217
 H     0.809135  -1.535890  -0.275635
 O     4.178656  -1.610959   0.332721
 H     4.913766  -1.426204  -0.264831
 C     2.474942   0.265422   1.323695
 O     1.213934   0.900659   1.214240
 C     1.147810   2.009878   0.310658
 C     0.559806   3.181658   1.064228
 H     0.446328   4.049601   0.414883
 H     1.208987   3.458612   1.891468
 H    -0.414386   2.926946   1.476414
 H     2.150229   2.256727  -0.045989
 C     0.352638   1.623992  -0.935260
 N    -1.011016   1.215273  -0.651674
 C    -1.459178  -0.040825  -0.344191
 N    -0.788007  -1.196542  -0.286174
 C    -1.574108  -2.235574   0.007611
 N    -2.883583  -2.236501   0.234558
 C    -3.542233  -1.068245   0.174369
 N    -4.862291  -1.053203   0.431617
 H    -5.345642  -1.931356   0.485296
 H    -5.388460  -0.221847   0.233901
 C    -2.827574   0.097862  -0.130150
 N    -3.227346   1.400730  -0.298101
 C    -2.120238   2.026919  -0.603269
 H    -2.041426   3.079525  -0.819476
 H    -1.078561  -3.196013   0.067799
 H     0.861112   0.819763  -1.456502
 H     0.314786   2.472875  -1.616179
 H     2.423586  -0.382152   2.196443
 H     3.281196   0.988837   1.479898
$end
$temperature
298.15
$end
$mult
 1
$end
$sigma
 1
$end
$pressure
1.00000
$end
$scale
0.97
$end
$msrrho
$end
$freq
36.53
39.21
67.79
96.13
102.18
119.38
132.79
155.68
190.88
199.66
212.75
249.07
256.66
269.35
282.80
289.23
302.28
321.64
350.61
362.93
390.87
411.54
443.55
505.00
533.94
536.14
537.84
552.51
584.92
636.39
657.33
678.93
704.20
732.63
740.51
761.32
808.44
816.07
834.27
892.30
898.77
910.98
911.59
920.87
938.51
948.79
1005.91
1033.53
1058.71
1074.86
1087.80
1103.25
1145.30
1194.87
1215.88
1224.78
1266.28
1274.94
1280.70
1315.74
1324.20
1340.62
1353.16
1360.23
1381.04
1385.21
1393.53
1411.06
1416.90
1440.06
1462.46
1488.04
1492.62
1500.18
1507.27
1521.01
1600.55
1612.47
1659.85
2669.28
2968.44
3004.92
3006.18
3038.85
3070.02
3079.27
3091.44
3107.20
3136.11
3198.49
3552.46
3681.50
3763.39
$end
