
$molecule
 F    -3.679030  -4.044922  -0.273015
 C    -3.818453  -2.752489  -0.561179
 F    -4.622661  -2.644169  -1.654489
 F    -4.486455  -2.156331   0.464798
 C    -2.502068  -2.089927  -0.796166
 N    -1.334446  -2.681180  -0.747888
 N    -0.388589  -1.726138  -1.007854
 C    -1.021521  -0.595360  -1.209936
 N    -2.366918  -0.765497  -1.095011
 C    -3.355913   0.312300  -1.153705
 H    -3.711373   0.515101  -0.146223
 C    -2.698123   1.552846  -1.735860
 N    -1.394494   1.771846  -1.127905
 C    -1.351001   2.462673   0.064579
 O    -2.356405   3.011150   0.506205
 C    -0.045084   2.497587   0.812973
 H    -0.018062   3.429140   1.373329
 H     0.808262   2.489636   0.142347
 C     0.043665   1.332386   1.803845
 N    -0.839471   1.601434   2.930395
 H    -1.720743   1.980554   2.607292
 H    -1.041760   0.748376   3.434891
 H    -0.225323   0.409148   1.269989
 C     1.476054   1.146877   2.321081
 C     2.451542   0.797202   1.240828
 C     2.462039  -0.471361   0.660644
 C     3.330188  -0.785895  -0.363807
 C     4.213580   0.172008  -0.844129
 C     4.230455   1.437915  -0.296909
 C     3.351292   1.723602   0.731094
 F     3.382169   2.975610   1.247997
 H     4.919934   2.183457  -0.661279
 F     5.058108  -0.138499  -1.840582
 F     3.337450  -2.014663  -0.899264
 H     1.778363  -1.236443   0.998382
 H     1.772149   2.055920   2.837062
 H     1.461828   0.351168   3.067168
 C    -0.439192   0.742978  -1.509367
 H    -0.222696   0.830600  -2.576380
 H     0.501840   0.845280  -0.985879
 H    -2.557180   1.444130  -2.810674
 H    -3.327487   2.414672  -1.548991
 H    -4.199461  -0.004404  -1.761188
$end
$temperature
298.15
$end
$mult
 1
$end
$sigma
 1
$end
$pressure
1.00000
$end
$scale
0.97
$end
$msrrho
$end
$freq
10.40
23.08
26.51
33.36
35.41
55.54
57.63
83.40
94.39
105.63
128.12
140.64
177.06
194.42
205.61
242.51
250.60
260.31
287.25
289.96
303.11
318.28
324.84
351.08
359.16
371.73
392.73
400.30
410.61
429.51
445.23
451.94
469.93
477.46
488.45
531.76
545.09
549.61
591.01
610.48
623.50
628.06
662.95
672.18
686.23
713.01
717.14
725.09
729.78
762.52
766.14
780.60
797.93
839.40
848.51
866.17
875.46
924.84
938.10
943.68
990.18
1006.72
1011.76
1015.46
1039.28
1056.03
1072.45
1093.09
1112.87
1113.29
1138.80
1165.33
1171.06
1187.39
1191.82
1208.85
1232.35
1238.95
1251.19
1254.74
1275.19
1286.25
1294.55
1313.50
1316.04
1335.12
1340.26
1353.17
1355.03
1384.09
1390.18
1401.64
1412.46
1427.35
1436.54
1463.70
1479.87
1491.35
1492.08
1494.09
1502.19
1516.65
1531.27
1535.79
1623.85
1646.80
1679.27
1702.97
2896.65
2994.01
3012.03
3027.24
3045.58
3049.20
3088.35
3095.48
3100.65
3125.34
3137.75
3166.61
3183.62
3444.65
3534.90
$end
