
$molecule
 S     4.753523   1.290109   0.000971
 O     5.143457   1.887758   1.288328
 O     5.359872   0.057892  -0.529036
 N     4.947074   2.490597  -1.198060
 H     5.354343   3.310577  -0.766329
 H     5.564006   2.125601  -1.912749
 C     2.974824   1.052292   0.031289
 C     2.204547   1.802340   0.904433
 C     0.836739   1.605588   0.938550
 C     0.257358   0.666275   0.095611
 C     1.034396  -0.070451  -0.789426
 C     2.403302   0.117349  -0.815194
 H     3.024431  -0.459828  -1.483218
 H     0.572326  -0.784635  -1.452252
 N    -1.143838   0.478360   0.139560
 C    -1.858177  -0.690950   0.039419
 C    -3.183596  -0.317585   0.045079
 C    -3.169385   1.074914   0.171018
 N    -1.937642   1.561875   0.227610
 C    -4.339445   2.001882   0.204796
 F    -4.218636   2.949097   1.157452
 F    -5.481455   1.313580   0.450849
 F    -4.511543   2.644942  -0.976948
 H    -4.033814  -0.973816   0.023724
 C    -1.279948  -2.028261   0.030608
 C    -1.748966  -2.982140  -0.869647
 C    -1.225579  -4.263775  -0.874840
 C    -0.221701  -4.636825   0.013652
 C     0.239351  -3.678507   0.915109
 C    -0.280269  -2.398932   0.930886
 H     0.088657  -1.681159   1.649840
 H     1.015621  -3.942469   1.622061
 C     0.329159  -6.028186   0.024295
 H     1.404100  -6.031348   0.195853
 H    -0.123683  -6.620172   0.821401
 H     0.134451  -6.543737  -0.913274
 H    -1.599684  -4.985733  -1.589479
 H    -2.514613  -2.708935  -1.583163
 H     0.210721   2.174128   1.608577
 H     2.675266   2.511616   1.568257
$end
$temperature
298.15
$end
$mult
 1
$end
$sigma
 1
$end
$pressure
1.00000
$end
$scale
0.97
$end
$msrrho
$end
$freq
8.92
10.85
24.10
29.90
37.06
43.80
55.66
62.29
95.71
107.42
130.36
133.97
146.32
177.71
191.87
205.06
235.89
259.41
291.41
331.42
346.16
348.30
362.66
376.22
402.25
406.02
411.44
422.73
430.54
463.85
475.73
504.79
530.60
544.34
554.05
572.26
610.36
626.25
641.31
655.30
661.10
693.61
708.17
715.78
723.56
729.16
760.08
805.36
814.83
824.39
825.17
830.80
837.45
862.01
909.64
938.28
944.47
952.86
975.77
985.96
1005.74
1030.92
1038.27
1052.48
1065.76
1080.16
1098.91
1099.38
1107.70
1116.90
1128.51
1135.17
1141.65
1199.75
1207.14
1214.33
1233.70
1234.98
1289.66
1306.50
1328.05
1329.42
1342.07
1360.64
1389.86
1415.52
1433.66
1437.65
1458.23
1471.92
1494.27
1498.65
1525.37
1535.28
1577.39
1595.77
1609.09
1615.44
1627.83
1647.38
2997.31
3055.70
3086.44
3124.33
3126.78
3143.21
3150.91
3167.72
3168.68
3179.95
3182.03
3234.04
3454.20
3569.35
$end
