
$molecule
 O     0.668184  -2.159093  -0.144540
 C     1.480832  -1.260138   0.461689
 O     2.685648  -1.291838   0.322560
 C     0.727988  -0.275323   1.307903
 H     1.413268   0.051542   2.087296
 C     0.190514   0.968894   0.572514
 C    -0.844754   0.664607  -0.504168
 H    -1.171610   1.621833  -0.923415
 C    -2.085779  -0.112068  -0.069273
 C    -2.858855   0.589165   1.039180
 H    -3.764627   0.039169   1.293801
 H    -3.159590   1.591628   0.728520
 H    -2.275567   0.690258   1.953645
 C    -2.984553  -0.360631  -1.273680
 H    -3.856970  -0.955164  -1.002601
 H    -2.450945  -0.890513  -2.062118
 H    -3.344323   0.580718  -1.692876
 H    -1.768081  -1.089315   0.301323
 H    -0.357129   0.140550  -1.323812
 H    -0.295541   1.554498   1.357521
 C     1.307421   1.871751   0.039963
 N     2.002453   1.317474  -1.118238
 H     2.468187   2.056799  -1.625602
 H     2.720198   0.671340  -0.819957
 H     0.841181   2.808136  -0.270621
 H     1.978291   2.121124   0.874694
 H    -0.102612  -0.791503   1.784990
 H     1.248424  -2.726049  -0.677798
$end
$temperature
298.15
$end
$mult
 1
$end
$sigma
 1
$end
$pressure
1.00000
$end
$scale
0.97
$end
$msrrho
$end
$freq
35.71
57.86
68.40
109.72
149.57
158.47
173.43
229.83
246.67
264.27
292.46
309.51
368.42
389.81
434.89
446.59
473.13
555.96
584.50
656.57
731.42
807.92
826.64
855.47
862.66
887.61
928.20
935.15
952.25
967.31
978.74
995.91
1081.94
1098.28
1114.60
1146.08
1184.08
1190.39
1205.00
1244.01
1272.91
1286.93
1321.43
1336.42
1346.06
1364.19
1375.75
1396.13
1398.83
1402.06
1419.65
1421.63
1486.76
1489.43
1497.02
1501.78
1504.59
1511.25
1520.50
1697.58
1768.60
2900.29
2966.35
2981.29
2984.05
2987.22
2996.82
3015.43
3031.40
3047.70
3054.50
3058.73
3061.08
3064.34
3081.05
3461.04
3545.78
3668.42
$end
