
$molecule
 C    -4.460801  -0.265253  -0.000026
 H    -4.529826  -0.907192  -0.878903
 H    -4.529828  -0.907348   0.878737
 C    -3.165888   0.529211   0.000045
 H    -3.140861   1.187975  -0.872139
 H    -3.140879   1.187848   0.872326
 H    -5.332937   0.387920   0.000031
 C    -1.922779  -0.346576  -0.000006
 H    -1.947209  -1.006395   0.872506
 H    -1.947231  -1.006328  -0.872567
 C    -0.620971   0.438446   0.000008
 H    -0.597102   1.097899  -0.872596
 H    -0.597130   1.097927   0.872591
 C     0.620955  -0.438464   0.000037
 H     0.597138  -1.097973  -0.872525
 H     0.597154  -1.097891   0.872662
 C     1.922762   0.346560  -0.000009
 H     1.947250   1.006396   0.872488
 H     1.947246   1.006293  -0.872584
 C     3.165873  -0.529226   0.000034
 H     3.140890  -1.187900   0.872288
 H     3.140911  -1.187956  -0.872177
 C     4.460788   0.265254   0.000030
 H     5.332918  -0.387928  -0.000047
 H     4.529859   0.907217   0.878885
 H     4.529787   0.907316  -0.878760
$end
$temperature
298.15
$end
$mult
 1
$end
$sigma
 1
$end
$pressure
1.00000
$end
$scale
0.97
$end
$msrrho
$end
$freq
46.67
65.87
79.10
110.34
135.56
160.57
197.67
246.52
249.45
275.01
342.42
472.84
476.00
731.94
734.81
755.44
807.27
883.03
889.11
905.09
966.55
1003.59
1015.06
1042.38
1055.69
1066.83
1068.76
1097.17
1153.02
1200.42
1233.18
1247.47
1281.26
1298.87
1320.56
1328.16
1342.21
1343.34
1345.58
1381.03
1396.04
1397.07
1412.29
1412.98
1487.60
1488.58
1491.70
1496.80
1504.05
1507.19
1507.23
1511.36
1517.38
1521.04
2960.14
2961.88
2963.43
2969.68
2976.40
2979.31
2980.58
2982.33
2989.06
2989.22
2991.37
3003.92
3016.46
3028.12
3055.89
3056.22
3059.87
3059.89
$end
