
$molecule
Cl     4.880547  -1.850515   0.100928
 N    -2.303454  -1.530290   0.125104
 N    -1.184922   1.226201   0.157539
 N     2.746017   2.741868  -0.124403
 C    -3.569327   1.391319   0.755396
 C    -4.204460   0.142365   0.138812
 C    -2.375770   2.047487   0.059536
 C    -3.648089  -1.197174   0.594738
 C    -2.677014   2.451379  -1.380543
 C    -2.216357  -1.697185  -1.332525
 C    -1.766424  -2.692491   0.845341
 C     0.074041   1.712900   0.047082
 C     1.209830   0.833816   0.058050
 C    -3.058896  -2.796721  -1.962640
 C    -1.377749  -2.395673   2.281105
 C     0.355556   3.071529  -0.065192
 C     2.511063   1.407574  -0.026796
 C     1.099991  -0.562332   0.146911
 C     1.676224   3.510219  -0.139528
 C     3.634892   0.555472  -0.010930
 C     2.201893  -1.377612   0.161219
 C     3.472572  -0.797500   0.081557
 H    -3.287136   1.178961   1.788802
 H    -4.337792   2.163636   0.808771
 H    -4.220342   0.208394  -0.948429
 H    -5.256395   0.132350   0.429731
 H    -2.186725   2.961734   0.627466
 H    -3.619642  -1.188955   1.682268
 H    -4.361136  -1.987195   0.320709
 H    -1.350456   0.221694   0.224065
 H    -3.546038   3.107412  -1.426528
 H    -2.874269   1.582452  -2.004320
 H    -1.832604   2.976840  -1.818998
 H    -2.464653  -0.742337  -1.792781
 H    -1.165586  -1.867377  -1.567824
 H    -2.472499  -3.534302   0.824490
 H    -0.882921  -3.027907   0.301609
 H    -4.125818  -2.628685  -1.828860
 H    -2.868745  -2.830925  -3.034401
 H    -2.819845  -3.778200  -1.557525
 H    -0.703059  -1.544552   2.338612
 H    -2.237923  -2.188087   2.913746
 H    -0.868450  -3.258088   2.708511
 H    -0.430151   3.809492  -0.089776
 H     0.126457  -1.018769   0.208562
 H     1.860432   4.577495  -0.219591
 H     4.612241   1.008048  -0.074629
 H     2.100701  -2.450400   0.232595
$end
$temperature
298.15
$end
$mult
 1
$end
$sigma
 1
$end
$pressure
1.00000
$end
$scale
0.97
$end
$msrrho
$end
$freq
19.24
25.39
45.33
58.56
76.00
86.07
89.19
103.06
119.94
126.23
143.69
193.13
209.39
219.78
221.23
232.02
239.76
251.38
263.28
274.49
313.98
327.05
344.10
383.23
402.21
411.45
425.29
437.01
473.69
485.51
503.37
522.65
534.94
546.75
565.18
602.33
613.44
663.54
673.80
707.91
716.06
755.43
760.95
780.03
792.42
799.05
812.85
843.95
852.56
857.60
863.49
879.54
906.83
910.39
931.17
939.86
963.17
994.25
1020.26
1041.50
1058.29
1068.95
1083.68
1087.31
1095.75
1105.55
1122.65
1138.06
1147.38
1173.30
1182.19
1189.60
1216.48
1232.59
1255.33
1273.74
1290.63
1316.43
1322.02
1328.32
1345.26
1351.73
1364.14
1373.16
1378.15
1383.52
1386.98
1395.02
1397.33
1404.55
1408.13
1410.43
1418.74
1421.40
1455.09
1473.88
1481.24
1484.84
1493.55
1494.60
1498.80
1499.34
1506.27
1511.66
1514.01
1520.26
1522.51
1526.88
1574.68
1603.75
1619.83
1636.12
2909.55
2914.21
2975.19
2993.54
3003.64
3007.66
3008.29
3010.23
3011.97
3022.55
3032.95
3037.68
3048.14
3058.33
3074.50
3077.21
3078.31
3083.11
3084.42
3090.51
3090.92
3155.97
3169.99
3176.24
3192.60
3269.87
$end
